i    j    i_id    j_id    r_sco    s_sco    prob
280    291    280_F    291_N    0.1280    3.212    1.000
103    234    103_G    234_Y    0.1145    2.872    1.000
87    92    87_N    92_K    0.0907    2.275    0.998
117    183    117_E    183_K    0.0894    2.243    0.998
243    261    243_D    261_R    0.0872    2.189    0.997
267    271    267_I    271_L    0.0760    1.906    0.989
364    367    364_H    367_L    0.0756    1.897    0.988
293    297    293_Y    297_S    0.0736    1.847    0.985
281    286    281_L    286_H    0.0680    1.706    0.972
85    269    85_T    269_K    0.0671    1.684    0.969
284    287    284_N    287_L    0.0659    1.655    0.965
276    283    276_S    283_D    0.0640    1.604    0.956
238    242    238_A    242_P    0.0632    1.586    0.952
127    262    127_K    262_R    0.0632    1.585    0.952
115    235    115_V    235_M    0.0621    1.557    0.945
181    293    181_T    293_Y    0.0615    1.543    0.942
114    184    114_V    184_F    0.0605    1.518    0.935
367    370    367_L    370_L    0.0598    1.501    0.930
237    242    237_P    242_P    0.0588    1.476    0.922
272    276    272_Q    276_S    0.0585    1.469    0.920
262    266    262_R    266_S    0.0583    1.463    0.918
324    327    324_S    327_V    0.0582    1.459    0.916
184    267    184_F    267_I    0.0580    1.455    0.915
29    38    29_I    38_T    0.0579    1.453    0.914
262    269    262_R    269_K    0.0577    1.449    0.913
312    316    312_P    316_D    0.0575    1.442    0.910
19    56    19_Q    56_R    0.0574    1.441    0.910
242    264    242_P    264_L    0.0566    1.420    0.902
238    275    238_A    275_A    0.0565    1.417    0.900
233    272    233_R    272_Q    0.0563    1.414    0.899
266    284    266_S    284_N    0.0556    1.394    0.890
30    34    30_F    34_Q    0.0549    1.378    0.883
142    145    142_E    145_T    0.0548    1.375    0.881
356    364    356_A    364_H    0.0539    1.352    0.870
266    287    266_S    287_L    0.0537    1.346    0.867
87    207    87_N    207_K    0.0535    1.343    0.865
33    38    33_P    38_T    0.0535    1.342    0.864
142    146    142_E    146_G    0.0533    1.338    0.862
19    24    19_Q    24_Y    0.0533    1.336    0.861
228    276    228_N    276_S    0.0526    1.319    0.851
272    275    272_Q    275_A    0.0524    1.316    0.850
281    291    281_L    291_N    0.0524    1.315    0.849
177    264    177_M    264_L    0.0524    1.313    0.848
106    191    106_A    191_S    0.0523    1.313    0.848
182    293    182_D    293_Y    0.0521    1.308    0.845
23    27    23_T    27_K    0.0521    1.306    0.844
182    186    182_D    186_S    0.0516    1.295    0.837
184    261    184_F    261_R    0.0516    1.294    0.836
269    291    269_K    291_N    0.0506    1.270    0.820
145    153    145_T    153_Y    0.0505    1.266    0.818
147    152    147_E    152_P    0.0504    1.265    0.817
269    276    269_K    276_S    0.0503    1.263    0.815
204    309    204_K    309_C    0.0503    1.262    0.815
42    88    42_D    88_P    0.0502    1.260    0.813
106    206    106_A    206_L    0.0500    1.254    0.809
47    336    47_T    336_I    0.0500    1.253    0.808
231    240    231_Y    240_V    0.0499    1.252    0.808
72    269    72_E    269_K    0.0496    1.244    0.802
85    111    85_T    111_L    0.0494    1.240    0.799
362    369    362_P    369_D    0.0492    1.235    0.795
77    348    77_V    348_L    0.0492    1.234    0.794
271    298    271_L    298_Y    0.0486    1.219    0.783
312    317    312_P    317_K    0.0485    1.218    0.782
138    142    138_V    142_E    0.0483    1.213    0.778
10    181    10_A    181_T    0.0483    1.212    0.777
193    366    193_D    366_L    0.0479    1.201    0.768
129    132    129_D    132_D    0.0479    1.201    0.768
22    28    22_P    28_L    0.0478    1.200    0.767
155    160    155_V    160_A    0.0478    1.199    0.766
58    97    58_E    97_F    0.0477    1.197    0.765
65    239    65_F    239_I    0.0474    1.190    0.759
85    237    85_T    237_P    0.0474    1.189    0.758
176    186    176_N    186_S    0.0474    1.188    0.757
348    352    348_L    352_Q    0.0474    1.188    0.757
180    183    180_V    183_K    0.0473    1.186    0.756
284    293    284_N    293_Y    0.0471    1.182    0.752
25    29    25_L    29_I    0.0471    1.181    0.751
95    227    95_V    227_G    0.0470    1.180    0.750
287    291    287_L    291_N    0.0470    1.180    0.750
233    269    233_R    269_K    0.0469    1.178    0.749
111    236    111_L    236_N    0.0469    1.176    0.747
234    359    234_Y    359_H    0.0469    1.176    0.747
99    345    99_R    345_H    0.0469    1.175    0.746
36    115    36_K    115_V    0.0468    1.175    0.746
63    322    63_R    322_E    0.0467    1.173    0.744
63    247    63_R    247_I    0.0467    1.172    0.743
85    232    85_T    232_Y    0.0466    1.169    0.741
237    275    237_P    275_A    0.0465    1.166    0.738
107    234    107_L    234_Y    0.0464    1.165    0.737
170    174    170_L    174_I    0.0464    1.165    0.737
197    318    197_Y    318_F    0.0464    1.165    0.737
198    204    198_G    204_K    0.0464    1.163    0.735
268    274    268_A    274_A    0.0462    1.160    0.733
305    308    305_F    308_A    0.0462    1.159    0.732
229    247    229_L    247_I    0.0462    1.159    0.732
207    309    207_K    309_C    0.0461    1.158    0.731
227    305    227_G    305_F    0.0461    1.156    0.729
19    28    19_Q    28_L    0.0458    1.150    0.723
269    272    269_K    272_Q    0.0458    1.148    0.722
93    268    93_M    268_A    0.0456    1.144    0.718
142    149    142_E    149_S    0.0456    1.143    0.717
118    122    118_I    122_K    0.0455    1.141    0.715
195    199    195_I    199_M    0.0455    1.141    0.715
109    267    109_Q    267_I    0.0454    1.140    0.714
339    342    339_G    342_I    0.0454    1.140    0.714
361    369    361_D    369_D    0.0454    1.139    0.713
193    307    193_D    307_T    0.0454    1.139    0.713
147    150    147_E    150_K    0.0454    1.138    0.712
367    373    367_L    373_V    0.0454    1.138    0.712
5    150    5_R    150_K    0.0450    1.130    0.704
232    272    232_Y    272_Q    0.0450    1.129    0.703
15    19    15_F    19_Q    0.0448    1.125    0.700
105    109    105_N    109_Q    0.0447    1.121    0.696
200    311    200_R    311_V    0.0446    1.120    0.695
56    332    56_R    332_P    0.0445    1.116    0.691
188    274    188_I    274_A    0.0444    1.113    0.688
239    261    239_I    261_R    0.0442    1.110    0.685
19    57    19_Q    57_E    0.0441    1.106    0.681
29    32    29_I    32_M    0.0440    1.103    0.678
273    287    273_H    287_L    0.0439    1.101    0.676
103    107    103_G    107_L    0.0439    1.100    0.675
228    232    228_N    232_Y    0.0437    1.096    0.671
266    269    266_S    269_K    0.0436    1.093    0.667
181    199    181_T    199_M    0.0435    1.092    0.666
238    268    238_A    268_A    0.0435    1.091    0.665
133    178    133_I    178_R    0.0434    1.088    0.662
20    323    20_T    323_Y    0.0433    1.088    0.662
69    206    69_L    206_L    0.0432    1.084    0.658
8    12    8_L    12_Q    0.0431    1.082    0.656
56    60    56_R    60_L    0.0430    1.080    0.654
214    227    214_F    227_G    0.0430    1.080    0.654
87    107    87_N    107_L    0.0429    1.077    0.651
57    60    57_E    60_L    0.0429    1.076    0.650
129    294    129_D    294_L    0.0429    1.075    0.649
19    133    19_Q    133_I    0.0428    1.075    0.649
212    308    212_E    308_A    0.0428    1.074    0.648
4    157    4_K    157_P    0.0427    1.071    0.644
364    370    364_H    370_L    0.0427    1.071    0.644
137    151    137_W    151_L    0.0427    1.070    0.643
87    275    87_N    275_A    0.0426    1.069    0.642
50    97    50_N    97_F    0.0426    1.068    0.641
54    325    54_N    325_D    0.0424    1.063    0.636
54    337    54_N    337_S    0.0423    1.062    0.635
185    227    185_L    227_G    0.0423    1.061    0.634
232    273    232_Y    273_H    0.0420    1.054    0.626
51    58    51_Y    58_E    0.0420    1.054    0.626
232    283    232_Y    283_D    0.0420    1.053    0.625
297    300    297_S    300_K    0.0419    1.051    0.623
19    134    19_Q    134_Y    0.0419    1.051    0.623
302    310    302_R    310_D    0.0418    1.050    0.622
137    153    137_W    153_Y    0.0418    1.049    0.621
238    264    238_A    264_L    0.0418    1.049    0.621
62    201    62_L    201_F    0.0418    1.049    0.621
22    27    22_P    27_K    0.0418    1.047    0.619
13    206    13_H    206_L    0.0417    1.047    0.619
154    158    154_D    158_E    0.0417    1.045    0.616
345    371    345_H    371_G    0.0417    1.045    0.616
266    286    266_S    286_H    0.0416    1.045    0.616
261    264    261_R    264_L    0.0416    1.044    0.615
148    366    148_A    366_L    0.0415    1.042    0.613
301    331    301_F    331_K    0.0415    1.041    0.612
233    345    233_R    345_H    0.0415    1.040    0.611
206    305    206_L    305_F    0.0414    1.039    0.610
239    374    239_I    374_P    0.0414    1.038    0.609
138    165    138_V    165_E    0.0413    1.037    0.608
110    234    110_I    234_Y    0.0413    1.035    0.605
151    163    151_L    163_H    0.0413    1.035    0.605
145    149    145_T    149_S    0.0412    1.033    0.603
61    321    61_L    321_D    0.0411    1.032    0.602
106    144    106_A    144_Q    0.0411    1.032    0.602
273    276    273_H    276_S    0.0411    1.030    0.600
282    285    282_G    285_A    0.0411    1.030    0.600
85    228    85_T    228_N    0.0411    1.030    0.600
103    272    103_G    272_Q    0.0410    1.029    0.599
65    73    65_F    73_I    0.0410    1.029    0.599
188    239    188_I    239_I    0.0410    1.028    0.598
69    243    69_L    243_D    0.0410    1.027    0.596
44    366    44_V    366_L    0.0408    1.025    0.594
138    145    138_V    145_T    0.0407    1.022    0.591
230    270    230_L    270_M    0.0407    1.022    0.591
73    111    73_I    111_L    0.0407    1.022    0.591
145    151    145_T    151_L    0.0407    1.021    0.590
127    136    127_K    136_S    0.0407    1.020    0.589
291    294    291_N    294_L    0.0407    1.020    0.589
273    283    273_H    283_D    0.0406    1.020    0.589
191    233    191_S    233_R    0.0406    1.018    0.586
182    331    182_D    331_K    0.0405    1.016    0.584
287    297    287_L    297_S    0.0405    1.016    0.584
277    342    277_N    342_I    0.0404    1.015    0.583
274    293    274_A    293_Y    0.0404    1.015    0.583
103    269    103_G    269_K    0.0404    1.014    0.582
145    150    145_T    150_K    0.0404    1.014    0.582
231    272    231_Y    272_Q    0.0404    1.013    0.581
115    177    115_V    177_M    0.0403    1.012    0.580
243    266    243_D    266_S    0.0403    1.011    0.578
44    65    44_V    65_F    0.0403    1.010    0.577
9    258    9_E    258_T    0.0402    1.009    0.576
364    372    364_H    372_E    0.0401    1.007    0.574
6    154    6_E    154_D    0.0400    1.003    0.569
222    226    222_L    226_I    0.0399    1.002    0.568
95    347    95_V    347_L    0.0398    1.000    0.566
82    265    82_E    265_G    0.0398    1.000    0.566
284    291    284_N    291_N    0.0398    0.999    0.565
142    153    142_E    153_Y    0.0397    0.997    0.562
138    146    138_V    146_G    0.0397    0.997    0.562
370    373    370_L    373_V    0.0397    0.996    0.561
16    19    16_Y    19_Q    0.0397    0.995    0.560
261    337    261_R    337_S    0.0396    0.994    0.559
140    144    140_Q    144_Q    0.0395    0.991    0.556
67    70    67_T    70_Q    0.0394    0.987    0.551
24    28    24_Y    28_L    0.0393    0.987    0.551
236    239    236_N    239_I    0.0393    0.986    0.550
127    132    127_K    132_D    0.0393    0.986    0.550
26    29    26_A    29_I    0.0393    0.985    0.549
19    22    19_Q    22_P    0.0391    0.981    0.544
15    24    15_F    24_Y    0.0391    0.980    0.543
171    175    171_D    175_R    0.0391    0.980    0.543
73    213    73_I    213_K    0.0390    0.979    0.542
73    276    73_I    276_S    0.0390    0.978    0.541
126    263    126_I    263_N    0.0390    0.978    0.541
127    173    127_K    173_S    0.0389    0.977    0.540
62    197    62_L    197_Y    0.0389    0.977    0.540
368    372    368_D    372_E    0.0389    0.976    0.538
208    286    208_D    286_H    0.0389    0.976    0.538
88    91    88_P    91_I    0.0388    0.973    0.535
200    291    200_R    291_N    0.0388    0.973    0.535
21    26    21_N    26_A    0.0388    0.973    0.535
181    270    181_T    270_M    0.0387    0.972    0.534
155    159    155_V    159_Q    0.0385    0.967    0.528
242    261    242_P    261_R    0.0385    0.967    0.528
176    182    176_N    182_D    0.0385    0.966    0.527
273    284    273_H    284_N    0.0385    0.966    0.527
68    204    68_A    204_K    0.0384    0.964    0.525
237    262    237_P    262_R    0.0384    0.964    0.525
233    268    233_R    268_A    0.0384    0.962    0.522
245    271    245_F    271_L    0.0384    0.962    0.522
12    16    12_Q    16_Y    0.0382    0.958    0.518
28    33    28_L    33_P    0.0382    0.958    0.518
360    370    360_N    370_L    0.0381    0.957    0.516
106    238    106_A    238_A    0.0381    0.956    0.515
290    373    290_I    373_V    0.0381    0.956    0.515
18    24    18_L    24_Y    0.0381    0.955    0.514
52    104    52_A    104_Q    0.0381    0.955    0.514
93    133    93_M    133_I    0.0380    0.954    0.513
341    344    341_I    344_T    0.0380    0.953    0.512
115    285    115_V    285_A    0.0379    0.952    0.511
227    277    227_G    277_N    0.0379    0.952    0.511
15    18    15_F    18_L    0.0379    0.951    0.509
109    194    109_Q    194_K    0.0379    0.950    0.508
159    188    159_Q    188_I    0.0379    0.950    0.508
348    355    348_L    355_I    0.0379    0.950    0.508
140    143    140_Q    143_S    0.0378    0.949    0.507
161    231    161_L    231_Y    0.0378    0.948    0.506
109    159    109_Q    159_Q    0.0378    0.947    0.505
126    267    126_I    267_I    0.0377    0.947    0.505
141    151    141_M    151_L    0.0377    0.947    0.505
43    202    43_S    202_I    0.0376    0.944    0.501
91    232    91_I    232_Y    0.0376    0.944    0.501
18    311    18_L    311_V    0.0376    0.943    0.500
18    337    18_L    337_S    0.0376    0.943    0.500
280    287    280_F    287_L    0.0376    0.943    0.500
20    315    20_T    315_Q    0.0375    0.942    0.499
236    268    236_N    268_A    0.0375    0.940    0.497
269    284    269_K    284_N    0.0375    0.940    0.497
10    353    10_A    353_D    0.0374    0.937    0.493
337    340    337_S    340_E    0.0374    0.937    0.493
234    360    234_Y    360_N    0.0373    0.936    0.492
104    263    104_Q    263_N    0.0373    0.936    0.492
232    239    232_Y    239_I    0.0373    0.935    0.491
232    269    232_Y    269_K    0.0372    0.935    0.491
113    122    113_P    122_K    0.0372    0.934    0.490
85    256    85_T    256_L    0.0372    0.934    0.490
50    173    50_N    173_S    0.0372    0.932    0.487
232    262    232_Y    262_R    0.0372    0.932    0.487
87    269    87_N    269_K    0.0371    0.931    0.486
325    328    325_D    328_T    0.0371    0.931    0.486
227    233    227_G    233_R    0.0371    0.930    0.485
16    24    16_Y    24_Y    0.0371    0.930    0.485
377    380    377_E    380_I    0.0370    0.929    0.484
11    200    11_Y    200_R    0.0369    0.927    0.482
19    62    19_Q    62_L    0.0369    0.927    0.482
154    159    154_D    159_Q    0.0369    0.927    0.482
86    316    86_G    316_D    0.0369    0.925    0.479
110    114    110_I    114_V    0.0369    0.925    0.479
229    304    229_L    304_F    0.0368    0.924    0.478
199    227    199_M    227_G    0.0368    0.924    0.478
86    240    86_G    240_V    0.0368    0.923    0.477
315    318    315_Q    318_F    0.0368    0.923    0.477
191    304    191_S    304_F    0.0367    0.922    0.476
45    92    45_I    92_K    0.0367    0.921    0.475
20    28    20_T    28_L    0.0367    0.921    0.475
107    115    107_L    115_V    0.0367    0.920    0.474
213    317    213_K    317_K    0.0367    0.920    0.474
319    322    319_N    322_E    0.0366    0.919    0.472
359    366    359_H    366_L    0.0366    0.919    0.472
99    105    99_R    105_N    0.0366    0.918    0.471
304    308    304_F    308_A    0.0366    0.918    0.471
24    27    24_Y    27_K    0.0366    0.917    0.470
110    113    110_I    113_P    0.0365    0.916    0.469
32    236    32_M    236_N    0.0365    0.916    0.469
97    102    97_F    102_R    0.0365    0.915    0.468
184    277    184_F    277_N    0.0365    0.915    0.468
138    149    138_V    149_S    0.0364    0.914    0.467
99    188    99_R    188_I    0.0364    0.913    0.465
9    280    9_E    280_F    0.0364    0.912    0.464
146    151    146_G    151_L    0.0363    0.911    0.463
91    231    91_I    231_Y    0.0363    0.910    0.462
115    118    115_V    118_I    0.0363    0.910    0.462
241    244    241_A    244_A    0.0362    0.909    0.461
74    120    74_K    120_D    0.0362    0.909    0.461
178    292    178_R    292_E    0.0362    0.909    0.461
116    290    116_K    290_I    0.0362    0.908    0.460
126    261    126_I    261_R    0.0361    0.906    0.457
195    308    195_I    308_A    0.0361    0.906    0.457
3    6    3_E    6_E    0.0361    0.905    0.456
84    268    84_V    268_A    0.0361    0.905    0.456
215    227    215_P    227_G    0.0361    0.905    0.456
39    48    39_K    48_L    0.0361    0.905    0.456
256    266    256_L    266_S    0.0360    0.904    0.455
352    364    352_Q    364_H    0.0360    0.904    0.455
232    276    232_Y    276_S    0.0360    0.904    0.455
369    373    369_D    373_V    0.0360    0.904    0.455
49    230    49_Y    230_L    0.0360    0.903    0.454
177    263    177_M    263_N    0.0359    0.902    0.453
153    163    153_Y    163_H    0.0359    0.901    0.452
126    243    126_I    243_D    0.0359    0.900    0.450
352    367    352_Q    367_L    0.0359    0.900    0.450
29    36    29_I    36_K    0.0359    0.900    0.450
99    108    99_R    108_R    0.0358    0.899    0.449
126    180    126_I    180_V    0.0358    0.898    0.448
195    230    195_I    230_L    0.0358    0.898    0.448
147    151    147_E    151_L    0.0358    0.898    0.448
340    345    340_E    345_H    0.0358    0.898    0.448
276    284    276_S    284_N    0.0358    0.897    0.447
191    294    191_S    294_L    0.0357    0.897    0.447
206    229    206_L    229_L    0.0357    0.896    0.446
233    262    233_R    262_R    0.0357    0.896    0.446
13    366    13_H    366_L    0.0357    0.896    0.446
137    165    137_W    165_E    0.0357    0.896    0.446
110    118    110_I    118_I    0.0357    0.895    0.445
134    170    134_Y    170_L    0.0357    0.895    0.445
65    115    65_F    115_V    0.0356    0.894    0.444
15    224    15_F    224_K    0.0356    0.893    0.442
16    28    16_Y    28_L    0.0356    0.892    0.441
107    268    107_L    268_A    0.0356    0.892    0.441
80    225    80_I    225_I    0.0355    0.892    0.441
204    310    204_K    310_D    0.0355    0.892    0.441
64    181    64_L    181_T    0.0355    0.891    0.440
139    142    139_N    142_E    0.0355    0.891    0.440
110    208    110_I    208_D    0.0355    0.891    0.440
353    365    353_D    365_E    0.0355    0.890    0.439
178    289    178_R    289_I    0.0355    0.890    0.439
232    236    232_Y    236_N    0.0355    0.890    0.439
42    46    42_D    46_F    0.0355    0.890    0.439
122    266    122_K    266_S    0.0355    0.890    0.439
107    307    107_L    307_T    0.0354    0.889    0.438
229    232    229_L    232_Y    0.0353    0.886    0.434
94    206    94_V    206_L    0.0353    0.886    0.434
129    246    129_D    246_D    0.0353    0.886    0.434
277    302    277_N    302_R    0.0352    0.884    0.432
25    323    25_L    323_Y    0.0352    0.884    0.432
267    357    267_I    357_P    0.0352    0.884    0.432
127    273    127_K    273_H    0.0352    0.883    0.431
25    48    25_L    48_L    0.0352    0.882    0.430
175    179    175_R    179_A    0.0351    0.880    0.428
237    264    237_P    264_L    0.0350    0.879    0.426
263    280    263_N    280_F    0.0350    0.879    0.426
275    353    275_A    353_D    0.0350    0.879    0.426
235    356    235_M    356_A    0.0350    0.879    0.426
318    355    318_F    355_I    0.0350    0.878    0.425
202    218    202_I    218_G    0.0350    0.878    0.425
88    276    88_P    276_S    0.0350    0.877    0.424
50    126    50_N    126_I    0.0349    0.876    0.423
350    365    350_D    365_E    0.0349    0.875    0.422
279    295    279_M    295_S    0.0348    0.874    0.421
108    301    108_R    301_F    0.0348    0.874    0.421
168    259    168_T    259_D    0.0348    0.874    0.421
365    368    365_E    368_D    0.0348    0.873    0.420
22    29    22_P    29_I    0.0348    0.873    0.420
106    129    106_A    129_D    0.0348    0.872    0.419
181    187    181_T    187_A    0.0347    0.871    0.417
138    151    138_V    151_L    0.0347    0.870    0.416
120    279    120_D    279_M    0.0347    0.870    0.416
322    328    322_E    328_T    0.0347    0.870    0.416
44    118    44_V    118_I    0.0347    0.869    0.415
359    375    359_H    375_T    0.0347    0.869    0.415
268    272    268_A    272_Q    0.0346    0.869    0.415
244    251    244_A    251_S    0.0346    0.868    0.414
26    30    26_A    30_F    0.0345    0.866    0.412
31    305    31_Q    305_F    0.0345    0.866    0.412
72    232    72_E    232_Y    0.0345    0.866    0.412
45    65    45_I    65_F    0.0345    0.866    0.412
233    276    233_R    276_S    0.0345    0.866    0.412
32    77    32_M    77_V    0.0345    0.865    0.411
50    61    50_N    61_L    0.0345    0.865    0.411
278    281    278_K    281_L    0.0345    0.865    0.411
111    275    111_L    275_A    0.0345    0.864    0.410
176    180    176_N    180_V    0.0344    0.864    0.410
235    341    235_M    341_I    0.0344    0.864    0.410
177    266    177_M    266_S    0.0344    0.864    0.410
230    308    230_L    308_A    0.0344    0.864    0.410
286    291    286_H    291_N    0.0344    0.864    0.410
65    99    65_F    99_R    0.0344    0.862    0.407
37    89    37_S    89_T    0.0343    0.862    0.407
8    29    8_L    29_I    0.0343    0.862    0.407
97    225    97_F    225_I    0.0343    0.860    0.405
156    164    156_T    164_E    0.0343    0.860    0.405
153    158    153_Y    158_E    0.0343    0.860    0.405
85    275    85_T    275_A    0.0343    0.860    0.405
361    373    361_D    373_V    0.0343    0.860    0.405
226    317    226_I    317_K    0.0342    0.859    0.404
39    88    39_K    88_P    0.0342    0.859    0.404
195    277    195_I    277_N    0.0342    0.858    0.403
234    262    234_Y    262_R    0.0342    0.858    0.403
203    230    203_A    230_L    0.0342    0.858    0.403
62    184    62_L    184_F    0.0341    0.857    0.402
22    49    22_P    49_Y    0.0341    0.855    0.399
31    41    31_Q    41_M    0.0341    0.855    0.399
45    230    45_I    230_L    0.0340    0.854    0.398
16    27    16_Y    27_K    0.0340    0.854    0.398
66    97    66_K    97_F    0.0340    0.854    0.398
334    337    334_I    337_S    0.0340    0.854    0.398
8    115    8_L    115_V    0.0340    0.853    0.397
127    284    127_K    284_N    0.0340    0.853    0.397
2    287    2_K    287_L    0.0340    0.853    0.397
321    324    321_D    324_S    0.0340    0.853    0.397
24    133    24_Y    133_I    0.0340    0.852    0.396
275    305    275_A    305_F    0.0339    0.851    0.395
356    362    356_A    362_P    0.0339    0.851    0.395
131    311    131_V    311_V    0.0339    0.851    0.395
107    299    107_L    299_Q    0.0339    0.850    0.394
111    238    111_L    238_A    0.0339    0.850    0.394
150    153    150_K    153_Y    0.0338    0.849    0.393
18    248    18_L    248_I    0.0338    0.849    0.393
108    221    108_R    221_E    0.0338    0.849    0.393
115    136    115_V    136_S    0.0338    0.848    0.392
18    22    18_L    22_P    0.0338    0.848    0.392
267    354    267_I    354_A    0.0338    0.848    0.392
282    358    282_G    358_E    0.0338    0.847    0.391
204    208    204_K    208_D    0.0338    0.847    0.391
295    341    295_S    341_I    0.0338    0.847    0.391
174    289    174_I    289_I    0.0337    0.846    0.389
206    271    206_L    271_L    0.0337    0.846    0.389
270    279    270_M    279_M    0.0337    0.846    0.389
345    355    345_H    355_I    0.0337    0.846    0.389
203    243    203_A    243_D    0.0337    0.845    0.388
15    63    15_F    63_R    0.0337    0.845    0.388
15    323    15_F    323_Y    0.0337    0.844    0.387
247    359    247_I    359_H    0.0336    0.844    0.387
270    301    270_M    301_F    0.0336    0.844    0.387
129    157    129_D    157_P    0.0336    0.844    0.387
126    266    126_I    266_S    0.0336    0.842    0.385
41    97    41_M    97_F    0.0336    0.842    0.385
163    166    163_H    166_V    0.0336    0.842    0.385
14    70    14_L    70_Q    0.0336    0.842    0.385
20    134    20_T    134_Y    0.0335    0.841    0.384
364    368    364_H    368_D    0.0335    0.841    0.384
150    162    150_K    162_A    0.0335    0.840    0.383
156    159    156_T    159_Q    0.0335    0.840    0.383
279    290    279_M    290_I    0.0335    0.839    0.382
91    233    91_I    233_R    0.0334    0.839    0.382
31    37    31_Q    37_S    0.0334    0.838    0.381
228    268    228_N    268_A    0.0334    0.838    0.381
360    368    360_N    368_D    0.0334    0.838    0.381
62    66    62_L    66_K    0.0333    0.836    0.379
140    145    140_Q    145_T    0.0333    0.836    0.379
91    95    91_I    95_V    0.0332    0.834    0.376
92    241    92_K    241_A    0.0332    0.833    0.375
115    330    115_V    330_T    0.0332    0.833    0.375
49    61    49_Y    61_L    0.0332    0.833    0.375
84    88    84_V    88_P    0.0332    0.833    0.375
239    348    239_I    348_L    0.0332    0.833    0.375
30    65    30_F    65_F    0.0332    0.832    0.374
35    343    35_N    343_N    0.0332    0.832    0.374
103    266    103_G    266_S    0.0331    0.831    0.373
115    259    115_V    259_D    0.0331    0.831    0.373
145    154    145_T    154_D    0.0331    0.831    0.373
133    174    133_I    174_I    0.0331    0.830    0.372
5    9    5_R    9_E    0.0331    0.829    0.371
144    150    144_Q    150_K    0.0331    0.829    0.371
31    43    31_Q    43_S    0.0330    0.829    0.371
103    232    103_G    232_Y    0.0330    0.828    0.370
85    91    85_T    91_I    0.0330    0.828    0.370
174    178    174_I    178_R    0.0330    0.828    0.370
11    18    11_Y    18_L    0.0330    0.827    0.369
262    287    262_R    287_L    0.0330    0.827    0.369
345    348    345_H    348_L    0.0330    0.827    0.369
72    92    72_E    92_K    0.0329    0.825    0.367
175    178    175_R    178_R    0.0329    0.825    0.367
225    263    225_I    263_N    0.0329    0.825    0.367
363    370    363_I    370_L    0.0329    0.825    0.367
139    165    139_N    165_E    0.0328    0.824    0.366
231    239    231_Y    239_I    0.0328    0.824    0.366
256    270    256_L    270_M    0.0328    0.824    0.366
227    270    227_G    270_M    0.0328    0.823    0.364
11    325    11_Y    325_D    0.0328    0.823    0.364
65    198    65_F    198_G    0.0328    0.822    0.363
68    288    68_A    288_S    0.0328    0.822    0.363
141    144    141_M    144_Q    0.0327    0.820    0.361
15    20    15_F    20_T    0.0327    0.820    0.361
268    337    268_A    337_S    0.0327    0.820    0.361
185    202    185_L    202_I    0.0327    0.819    0.360
114    181    114_V    181_T    0.0326    0.819    0.360
69    188    69_L    188_I    0.0326    0.817    0.358
123    176    123_S    176_N    0.0326    0.817    0.358
245    366    245_F    366_L    0.0326    0.817    0.358
181    184    181_T    184_F    0.0325    0.816    0.357
292    295    292_E    295_S    0.0325    0.816    0.357
182    296    182_D    296_Q    0.0325    0.815    0.356
29    33    29_I    33_P    0.0325    0.815    0.356
83    210    83_I    210_L    0.0325    0.815    0.356
243    277    243_D    277_N    0.0325    0.815    0.356
18    202    18_L    202_I    0.0325    0.815    0.356
137    146    137_W    146_G    0.0324    0.814    0.355
143    149    143_S    149_S    0.0324    0.813    0.354
141    147    141_M    147_E    0.0324    0.812    0.353
242    268    242_P    268_A    0.0323    0.811    0.352
134    142    134_Y    142_E    0.0323    0.809    0.350
47    216    47_T    216_D    0.0323    0.809    0.350
48    216    48_L    216_D    0.0323    0.809    0.350
199    308    199_M    308_A    0.0323    0.809    0.350
44    48    44_V    48_L    0.0322    0.809    0.350
130    177    130_P    177_M    0.0322    0.809    0.350
136    148    136_S    148_A    0.0322    0.809    0.350
266    283    266_S    283_D    0.0322    0.808    0.348
91    268    91_I    268_A    0.0322    0.808    0.348
302    308    302_R    308_A    0.0322    0.808    0.348
312    349    312_P    349_L    0.0322    0.807    0.347
15    341    15_F    341_I    0.0321    0.806    0.346
154    157    154_D    157_P    0.0321    0.806    0.346
228    294    228_N    294_L    0.0321    0.806    0.346
260    263    260_Q    263_N    0.0321    0.806    0.346
356    361    356_A    361_D    0.0321    0.806    0.346
60    200    60_L    200_R    0.0321    0.806    0.346
240    245    240_V    245_F    0.0321    0.806    0.346
126    342    126_I    342_I    0.0321    0.805    0.345
106    242    106_A    242_P    0.0321    0.805    0.345
118    123    118_I    123_S    0.0321    0.805    0.345
199    367    199_M    367_L    0.0320    0.803    0.343
247    358    247_I    358_E    0.0320    0.803    0.343
85    199    85_T    199_M    0.0320    0.803    0.343
98    227    98_N    227_G    0.0320    0.803    0.343
156    377    156_T    377_E    0.0320    0.803    0.343
280    325    280_F    325_D    0.0320    0.803    0.343
145    148    145_T    148_A    0.0320    0.802    0.342
137    140    137_W    140_Q    0.0320    0.802    0.342
139    145    139_N    145_T    0.0320    0.802    0.342
19    63    19_Q    63_R    0.0319    0.802    0.342
306    310    306_Q    310_D    0.0319    0.802    0.342
15    213    15_F    213_K    0.0319    0.800    0.340
18    197    18_L    197_Y    0.0318    0.799    0.339
156    162    156_T    162_A    0.0318    0.798    0.338
271    357    271_L    357_P    0.0318    0.798    0.338
109    112    109_Q    112_A    0.0318    0.798    0.338
49    311    49_Y    311_V    0.0318    0.797    0.337
17    271    17_L    271_L    0.0318    0.797    0.337
49    75    49_Y    75_S    0.0317    0.796    0.336
147    161    147_E    161_L    0.0317    0.796    0.336
261    270    261_R    270_M    0.0317    0.796    0.336
111    350    111_L    350_D    0.0317    0.795    0.335
369    372    369_D    372_E    0.0317    0.795    0.335
364    369    364_H    369_D    0.0317    0.795    0.335
146    149    146_G    149_S    0.0317    0.795    0.335
182    288    182_D    288_S    0.0317    0.795    0.335
